1 3994607.280172
2 4238769.908972
3 4128819.157721
4 4227927.575601
5 3704870.051683
6 3704801.422644
7 3704149.573560
8 2234561.969990
9 2009091.137397
10 2009141.594254
11 2010191.671776
12 2008606.880483
13 1859116.176170
14 1860127.697766
15 1858140.280300
16 1860015.252125
17 1700289.899428
18 1668780.455243
19 1690659.949111
20 1701092.526675
21 1590760.860920
22 1592388.383527
23 1591735.708203
24 1591140.529532
25 1473942.538350
26 1474616.323265
27 1473975.126670
28 1474589.142600
29 1391376.941406
30 1391372.101598
31 1391614.133233
32 2139712.529622
33 2138488.516317
34 2139701.083759
35 2138625.719113
36 2140033.063511
37 1990327.010728
38 1988555.861020
39 1957071.633714
40 1989030.496810
41 1777201.174730
42 1777224.863376
43 1776230.483668
44 1777138.008095
45 1670711.179982
46 1672632.388854
47 1671611.851728
48 1672695.339453
49 1518914.280073
50 1519520.135541
51 1518960.423486
52 1518995.032886
53 1441701.207425
54 1441747.975245
55 1442605.923340
56 1441472.608417
57 1327258.911714
58 1326660.232365
59 1312452.218536
60 1326664.632448
61 1267491.381059
62 1268094.117945
63 1266989.537834
64 1951029.167886
65 1950116.031904
66 1951219.512195
67 1950049.482506
68 1951200.476093
69 1877678.625915
70 1876216.609208
71 1876383.833077
72 1876665.540667
73 1686895.353447
74 1648376.555140
75 1686575.282396
76 1684586.455083
77 1592356.687898
78 1591248.135256
79 1570999.351963
80 1591628.036528
81 1452986.795982
82 1452533.036048
83 1453129.313978
84 1451352.479091
85 1381950.346524
86 1382236.873933
87 1381936.023272
88 1382509.185045
89 1259612.417259
90 1259636.217061
91 1260040.951331
92 1259453.774898
93 1221411.340804
94 1221060.857673
95 1220945.316912
96 1691367.682192
97 1714993.761710
98 1715913.380693
99 1714802.604785
100 1715883.937610
101 1617710.696708
102 1616494.712042
103 1617507.905570
104 1618286.639021
105 1496132.497494
106 1496692.309995
107 1495852.748255
108 1495880.718472
109 1411303.126742
110 1411861.044636
111 1411392.762378
112 1411248.355014
113 1301286.972816
114 964752.757987
115 1285206.629096
116 1301181.147186
117 1243943.549842
118 1243870.052896
119 1243494.966954
120 1243614.815183
121 1157236.634640
122 1157591.630613
123 1157179.721583
124 1156821.632565
125 1131288.905733
126 1130748.442394
127 1130943.461309
128 1555082.983116
129 1554333.676582
130 1534931.196709
131 1553060.305332
132 1555082.983116
133 1507130.611707
134 1508102.279497
135 1506489.202239
136 1507965.829494
137 1381945.572074
138 1381473.064729
139 1382466.181421
140 1381745.074942
141 1317701.007053
142 1317549.095173
143 1317905.058120
144 1318474.129889
145 1220643.523265
146 1220971.404850
147 1208736.749223
148 1221012.402433
149 1170754.551308
150 1171217.334017
151 1170237.353391
152 1170374.314965
153 1081981.757788
154 1081823.738458
155 1081791.554994
156 1081774.001185
157 1053493.780436
158 1053063.889386
159 1052819.978312
160 1401659.564925
161 1401335.472705
162 1384801.800242
163 1401865.883491
164 1401438.576699
165 1335911.642804
166 1334859.522721
167 1335617.238812
168 1335051.099081
169 1236212.368923
170 1236250.575629
171 1235994.635783
172 1235360.972476
173 1184623.585856
174 1184753.408387
175 1184707.791823
176 1184648.144693
177 1106029.519928
178 1095443.230024
179 1105787.970686
180 1105693.214361
181 1064008.065181
182 1064410.117218
183 1064296.832387
184 1064795.466101
185 1000337.613945
186 1000320.102433
187 1000335.112263
188 1000215.046235
189 966578.144218
190 958559.093970
191 966349.301450
192 1221060.857673
193 1221228.617050
194 1220386.557442
195 1220975.131789
196 1221463.557635
197 1190873.148192
198 1180613.151440
199 1191586.209773
200 1191774.373276
201 1112013.077274
202 1111994.528987
203 1112003.803053
204 1111744.187662
205 1060518.487489
206 1068947.087119
207 1070208.342809
208 1069664.579929
209 995312.080103
210 995180.836798
211 995621.753340
212 995099.136751
213 971100.062150
214 971062.342202
215 970708.860145
216 967082.915271
217 910129.283865
218 917330.202180
219 917275.508285
220 917058.900401
221 888549.265614
222 888766.436624
223 888756.562912
224 1130400.133387
225 1131317.702294
226 1130898.696922
227 1130949.856511
228 1131263.310020
229 1105806.312495
230 1095290.251917
231 1105500.695084
232 1106185.512841
233 1036301.646683
234 1036726.019231
235 1036623.923207
236 1037072.758432
237 1000095.009026
238 999950.002500
239 1000335.112263
240 1000197.539014
241 943732.319765
242 943500.812590
243 935926.473616
244 943467.431504
245 912754.373234
246 913206.565042
247 913233.669099
248 912985.622759
249 865482.398252
250 865607.883957
251 855975.673171
252 865132.354436
253 839999.076001
254 833917.075286
255 840029.065006
256 1052675.902143
